1004a.a 1 [0]
1004a.b 1 [0]
1004a.c 2 [0,3,3,0]
1004a.d 2 [0,5,5,0]
1004b.a 1 [0]
1004b.b 1 [0]
1004b.c 2 [0,3,3,0]
1004b.d 2 [0,5,5,0]
1009a.a 2 [0,2,2,0]
1009a.b 4 [0,2,0,0,2,0,2,2,0,2,0,0,0,2,0,0]
1009b.a 2 [0,2,2,0]
1009b.b 4 [0,2,0,0,2,0,2,2,0,2,0,0,0,2,0,0]
100a.a 4 [0,3,5,0,3,0,0,5,5,0,0,3,0,5,3,0]
100a.b 4 [0,3,5,0,3,0,0,5,5,0,0,3,0,5,3,0]
1024a.a 4 [0,2,0,0,2,0,2,2,0,2,0,0,0,2,0,0]
1024a.b 4 [0,2,2,2,2,0,0,0,2,0,0,0,2,0,0,0]
1024a.c 4 [0,2,2,2,2,0,0,0,2,0,0,0,2,0,0,0]
1024a.d 4 [0,2,2,2,2,0,0,0,2,0,0,0,2,0,0,0]
1024a.e 4 [0,2,2,2,2,0,0,0,2,0,0,0,2,0,0,0]
1024a.f 4 [0,2,0,0,2,0,2,2,0,2,0,0,0,2,0,0]
1024a.g 4 [0,2,0,0,2,0,2,2,0,2,0,0,0,2,0,0]
1024a.h 4 [0,2,2,2,2,0,0,0,2,0,0,0,2,0,0,0]
1024a.i 4 [0,2,2,2,2,0,0,0,2,0,0,0,2,0,0,0]
1024a.j 4 [0,2,2,2,2,0,0,0,2,0,0,0,2,0,0,0]
1025a.a 1 [0]
1025a.b 2 [0,2,2,0]
1025a.c 1 [0]
1025a.d 6 [0,2,2,2,0,0,2,0,0,0,0,0,2,0,0,0,2,2,2,0,0,0,0,0,0,0,2,0,0,0,0,0,2,0,0,0]
1025a.e 4 [0,2,3,0,2,0,0,3,3,0,0,2,0,3,2,0]
1025a.f 1 [0]
1025a.g 2 [0,7,7,0]
1025a.h 1 [0]
1025b.a 1 [0]
1025b.b 2 [0,2,2,0]
1025b.c 1 [0]
1025b.d 6 [0,2,2,2,0,0,2,0,0,0,0,0,2,0,0,0,2,2,2,0,0,0,0,0,0,0,2,0,0,0,0,0,2,0,0,0]
1025b.e 4 [0,2,3,0,2,0,0,3,3,0,0,2,0,3,2,0]
1025b.f 1 [0]
1025b.g 2 [0,7,7,0]
1025b.h 1 [0]
1031a.a 1 [0]
1031a.b 1 [0]
1031b.a 1 [0]
1031b.b 1 [0]
1039a.a 1 [0]
1039a.b 1 [0]
1039a.c 2 [0,2,2,0]
1039b.a 1 [0]
1039b.b 1 [0]
1039b.c 2 [0,2,2,0]
1044a.a 1 [0]
1044a.b 1 [0]
1044a.c 1 [0]
1044a.d 2 [0,3,3,0]
1044a.e 1 [0]
1044b.a 1 [0]
1044b.b 1 [0]
1044b.c 1 [0]
1044b.d 2 [0,3,3,0]
1044b.e 1 [0]
1045a.a 1 [0]
1045a.b 4 [0,2,3,0,2,0,0,3,3,0,0,2,0,3,2,0]
1045a.c 2 [0,3,3,0]
1045a.d 2 [0,2,2,0]
1045a.e 4 [0,2,2,2,2,0,0,0,2,0,0,0,2,0,0,0]
1045b.a 1 [0]
1045b.b 4 [0,2,3,0,2,0,0,3,3,0,0,2,0,3,2,0]
1045b.c 2 [0,3,3,0]
1045b.d 2 [0,2,2,0]
1045b.e 4 [0,2,2,2,2,0,0,0,2,0,0,0,2,0,0,0]
1045c.a 6 [0,2,0,0,0,0,2,0,2,2,0,0,0,2,0,0,2,2,0,2,0,0,0,0,0,0,2,0,0,0,0,0,2,0,0,0]
1045c.b 4 [0,2,0,0,2,0,2,2,0,2,0,0,0,2,0,0]
1045d.a 6 [0,2,0,0,0,0,2,0,2,2,0,0,0,2,0,0,2,2,0,2,0,0,0,0,0,0,2,0,0,0,0,0,2,0,0,0]
1045d.b 4 [0,2,0,0,2,0,2,2,0,2,0,0,0,2,0,0]
1049a.a 2 [0,2,2,0]
1049a.b 1 [0]
1049b.a 2 [0,2,2,0]
1049b.b 1 [0]
1055a.a 1 [0]
1055a.b 1 [0]
1055b.a 1 [0]
1055b.b 1 [0]
1069a.a 1 [0]
1069b.a 1 [0]
1076a.a 1 [0]
1076a.b 1 [0]
1076b.a 1 [0]
1076b.b 1 [0]
1084a.a 1 [0]
1084a.b 1 [0]
1084a.c 1 [0]
1084a.d 4 [0,2,3,0,2,0,0,3,3,0,0,2,0,3,2,0]
1084a.e 2 [0,3,3,0]
1084a.f 2 [0,3,3,0]
1084b.a 1 [0]
1084b.b 1 [0]
1084b.c 1 [0]
1084b.d 4 [0,2,3,0,2,0,0,3,3,0,0,2,0,3,2,0]
1084b.e 2 [0,3,3,0]
1084b.f 2 [0,3,3,0]
1089a.a 4 [0,2,0,0,2,0,2,2,0,2,0,0,0,2,0,0]
1089a.b 2 [0,2,2,0]
1089a.c 2 [0,2,2,0]
1089b.a 1 [0]
1089b.b 6 [0,2,0,0,0,0,2,0,2,2,0,0,0,2,0,0,0,0,0,2,0,0,2,2,0,0,0,2,0,0,0,0,0,2,0,0]
1089b.c 1 [0]
1089c.a 1 [0]
1089c.b 6 [0,2,0,0,0,0,2,0,2,2,0,0,0,2,0,0,2,2,0,2,0,0,0,0,0,0,2,0,0,0,0,0,2,0,0,0]
1089c.c 1 [0]
1100a.a 2 [0,2,2,0]
1100a.b 2 [0,3,3,0]
1100a.c 4 [0,2,3,0,2,0,0,3,3,0,0,2,0,3,2,0]
1100a.d 2 [0,5,5,0]
1100a.e 8 [0,2,2,2,3,0,0,0,2,0,0,0,0,3,0,0,2,0,0,0,0,0,3,0,2,0,0,0,0,0,0,3,3,0,0,0,0,2,2,2,0,3,0,0,2,0,0,0,0,0,3,0,2,0,0,0,0,0,0,3,2,0,0,0]
1100a.f 2 [0,5,5,0]
1100a.g 4 [0,2,5,0,2,0,0,5,5,0,0,2,0,5,2,0]
1100a.h 2 [0,2,2,0]
1100a.i 2 [0,3,3,0]
1100b.a 4 [0,2,3,0,2,0,0,3,3,0,0,2,0,3,2,0]
1100b.b 2 [0,2,2,0]
1100b.c 2 [0,3,3,0]
1100b.d 2 [0,5,5,0]
1100b.e 8 [0,2,2,2,3,0,0,0,2,0,0,0,0,3,0,0,2,0,0,0,0,0,3,0,2,0,0,0,0,0,0,3,3,0,0,0,0,2,2,2,0,3,0,0,2,0,0,0,0,0,3,0,2,0,0,0,0,0,0,3,2,0,0,0]
1100b.f 2 [0,5,5,0]
1100b.g 4 [0,2,5,0,2,0,0,5,5,0,0,2,0,5,2,0]
1100b.h 2 [0,2,2,0]
1100b.i 2 [0,3,3,0]
1111a.a 4 [0,2,0,0,2,0,2,2,0,2,0,0,0,2,0,0]
1111a.b 1 [0]
1111a.c 2 [0,3,3,0]
1111b.a 4 [0,2,0,0,2,0,2,2,0,2,0,0,0,2,0,0]
1111b.b 1 [0]
1111b.c 2 [0,3,3,0]
1111c.a 2 [0,2,2,0]
1111d.a 2 [0,2,2,0]
1116a.a 2 [0,2,2,0]
1116a.b 2 [0,2,2,0]
1116a.c 2 [0,2,2,0]
1116a.d 2 [0,2,2,0]
1116a.e 2 [0,2,2,0]
1116b.a 2 [0,2,2,0]
1116b.b 2 [0,2,2,0]
1116b.c 2 [0,2,2,0]
1116b.d 2 [0,2,2,0]
1116b.e 2 [0,2,2,0]
1121a.a 2 [0,2,2,0]
1121b.a 2 [0,2,2,0]
1124a.a 1 [0]
1124b.a 1 [0]
1129a.a 1 [0]
1129b.a 1 [0]
1151a.a 2 [0,2,2,0]
1151a.b 1 [0]
1151b.a 2 [0,2,2,0]
1151b.b 1 [0]
1156a.a 1 [0]
1156a.b 4 [0,2,3,0,2,0,0,3,3,0,0,2,0,3,2,0]
1159c.a 1 [0]
1159d.a 1 [0]
116a.a 2 [0,5,5,0]
116a.b 2 [0,7,7,0]
116b.a 2 [0,5,5,0]
116b.b 2 [0,7,7,0]
1179a.a 1 [0]
1179a.b 1 [0]
1179a.c 1 [0]
1179b.a 1 [0]
1179b.b 1 [0]
1179b.c 1 [0]
1180a.a 1 [0]
1180a.b 2 [0,5,5,0]
1180a.c 4 [0,2,0,0,2,0,2,2,0,2,0,0,0,2,0,0]
1180a.d 4 [0,2,3,0,2,0,0,3,3,0,0,2,0,3,2,0]
1180b.a 1 [0]
1180b.b 2 [0,5,5,0]
1180b.c 4 [0,2,0,0,2,0,2,2,0,2,0,0,0,2,0,0]
1180b.d 4 [0,2,3,0,2,0,0,3,3,0,0,2,0,3,2,0]
1181a.a 1 [0]
1181a.b 1 [0]
1181b.a 1 [0]
1181b.b 1 [0]
1189a.a 1 [0]
1189b.a 1 [0]
1195a.a 2 [0,2,2,0]
1195b.a 2 [0,2,2,0]
1199a.a 2 [0,3,3,0]
1199b.a 2 [0,3,3,0]
1201a.a 1 [0]
1201a.b 1 [0]
1201b.a 1 [0]
1201b.b 1 [0]
1205a.a 2 [0,2,2,0]
1205a.b 4 [0,2,0,0,2,0,2,2,0,2,0,0,0,2,0,0]
1205b.a 2 [0,2,2,0]
1205b.b 4 [0,2,0,0,2,0,2,2,0,2,0,0,0,2,0,0]
1216a.a 2 [0,2,2,0]
1216a.b 4 [0,2,0,0,2,0,2,2,0,2,0,0,0,2,0,0]
1216a.c 1 [0]
1216a.d 1 [0]
1216b.a 2 [0,2,2,0]
1216b.b 4 [0,2,0,0,2,0,2,2,0,2,0,0,0,2,0,0]
1216b.c 1 [0]
1216b.d 1 [0]
121a.a 3 [0,5,0,5,0,5,0,5,0]
1220a.a 1 [0]
1220a.b 2 [0,2,2,0]
1220a.c 2 [0,5,5,0]
1220a.d 1 [0]
1220a.e 2 [0,3,3,0]
1220a.f 4 [0,2,3,0,2,0,0,3,3,0,0,2,0,3,2,0]
1220b.a 1 [0]
1220b.b 2 [0,2,2,0]
1220b.c 2 [0,5,5,0]
1220b.d 1 [0]
1220b.e 2 [0,3,3,0]
1220b.f 4 [0,2,3,0,2,0,0,3,3,0,0,2,0,3,2,0]
1225a.a 2 [0,5,5,0]
1225a.b 3 [0,3,3,3,0,0,3,0,0]
1231a.a 2 [0,2,2,0]
1231b.a 2 [0,2,2,0]
1244a.a 2 [0,2,2,0]
1244b.a 2 [0,2,2,0]
124a.a 6 [0,2,3,0,0,0,2,0,0,3,0,0,3,0,0,2,3,0,0,3,2,0,0,3,0,0,3,0,0,2,0,0,0,3,2,0]
124b.a 6 [0,2,3,0,0,0,2,0,0,3,0,0,3,0,0,2,3,0,0,3,2,0,0,3,0,0,3,0,0,2,0,0,0,3,2,0]
1255a.a 1 [0]
1255a.b 1 [0]
1255a.c 2 [0,5,5,0]
1255a.d 1 [0]
1255a.e 4 [0,2,2,2,2,0,0,0,2,0,0,0,2,0,0,0]
1255b.a 1 [0]
1255b.b 1 [0]
1255b.c 2 [0,5,5,0]
1255b.d 1 [0]
1255b.e 4 [0,2,2,2,2,0,0,0,2,0,0,0,2,0,0,0]
1271a.a 1 [0]
1271a.b 2 [0,2,2,0]
1271a.c 2 [0,2,2,0]
1271b.a 1 [0]
1271b.b 2 [0,2,2,0]
1271b.c 2 [0,2,2,0]
1271c.a 1 [0]
1271c.b 2 [0,2,2,0]
1271d.a 1 [0]
1271d.b 2 [0,2,2,0]
1276a.a 2 [0,3,3,0]
1276b.a 2 [0,3,3,0]
1276c.a 2 [0,2,2,0]
1276d.a 2 [0,2,2,0]
1279a.a 2 [0,3,3,0]
1279b.a 2 [0,3,3,0]
1280a.a 6 [0,2,0,0,0,0,2,0,2,2,0,0,0,2,0,0,2,2,0,2,0,0,0,0,0,0,2,0,0,0,0,0,2,0,0,0]
1280a.b 6 [0,2,0,0,0,0,2,0,2,2,0,0,0,2,0,0,0,0,0,2,0,0,2,2,0,0,0,2,0,0,0,0,0,2,0,0]
1280a.c 8 [0,2,2,2,3,0,0,0,2,0,0,0,0,3,0,0,2,0,0,0,0,0,3,0,2,0,0,0,0,0,0,3,3,0,0,0,0,2,2,2,0,3,0,0,2,0,0,0,0,0,3,0,2,0,0,0,0,0,0,3,2,0,0,0]
1280a.d 6 [0,2,0,0,0,0,2,0,2,2,0,0,0,2,0,0,2,2,0,2,0,0,0,0,0,0,2,0,0,0,0,0,2,0,0,0]
1280a.e 6 [0,2,0,0,0,0,2,0,2,2,0,0,0,2,0,0,0,0,0,2,0,0,2,2,0,0,0,2,0,0,0,0,0,2,0,0]
1280a.f 8 [0,2,2,2,0,0,0,0,2,0,0,0,0,0,0,0,2,0,0,0,0,0,0,0,2,0,0,0,2,2,0,0,0,0,0,2,0,0,0,0,0,0,0,2,0,0,2,2,0,0,0,0,0,2,0,0,0,0,0,0,0,2,0,0]
1280a.g 8 [0,2,2,2,0,0,0,0,2,0,0,0,0,0,0,0,2,0,0,0,2,2,0,0,2,0,0,0,0,0,0,0,0,0,2,0,0,0,2,2,0,0,2,0,0,0,0,0,0,0,0,0,2,0,0,0,0,0,0,0,2,0,0,0]
1280a.h 8 [0,2,2,2,0,0,0,0,2,0,0,0,2,2,0,0,2,0,0,0,0,0,0,0,2,0,0,0,0,0,0,0,0,2,0,0,0,0,2,2,0,2,0,0,0,0,0,0,0,0,0,0,2,0,0,0,0,0,0,0,2,0,0,0]
1280a.i 6 [0,2,2,2,0,0,2,0,0,0,0,0,2,0,0,0,2,2,2,0,0,0,0,0,0,0,2,0,0,0,0,0,2,0,0,0]
1280a.j 8 [0,2,3,0,0,0,0,0,2,0,0,2,2,3,0,0,3,0,0,0,0,2,0,0,0,2,0,0,0,0,3,0,0,2,0,0,0,0,0,3,0,3,2,0,0,0,2,2,0,0,0,3,0,2,0,0,0,0,0,0,3,2,0,0]
1280a.k 8 [0,2,3,0,0,0,0,0,2,0,0,2,2,3,0,0,3,0,0,0,0,2,0,0,0,2,0,0,0,0,3,0,0,2,0,0,0,0,0,3,0,3,2,0,0,0,2,2,0,0,0,3,0,2,0,0,0,0,0,0,3,2,0,0]
1280a.l 6 [0,2,2,2,0,0,2,0,0,0,0,0,2,0,0,0,2,2,2,0,0,0,0,0,0,0,2,0,0,0,0,0,2,0,0,0]
1289a.a 1 [0]
1289a.b 2 [0,2,2,0]
1289b.a 1 [0]
1289b.b 2 [0,2,2,0]
1291a.a 1 [0]
1291a.b 1 [0]
1291b.a 1 [0]
1291b.b 1 [0]
1296a.a 4 [0,2,2,2,2,0,0,0,2,0,0,0,2,0,0,0]
1296a.b 4 [0,2,3,0,2,0,0,3,3,0,0,2,0,3,2,0]
1305a.a 2 [0,2,2,0]
1305a.b 4 [0,2,0,0,2,0,2,2,0,2,0,0,0,2,0,0]
1305a.c 4 [0,2,3,0,2,0,0,3,3,0,0,2,0,3,2,0]
1305a.d 4 [0,2,0,0,2,0,2,2,0,2,0,0,0,2,0,0]
1305b.a 2 [0,2,2,0]
1305b.b 4 [0,2,0,0,2,0,2,2,0,2,0,0,0,2,0,0]
1305b.c 4 [0,2,3,0,2,0,0,3,3,0,0,2,0,3,2,0]
1305b.d 4 [0,2,0,0,2,0,2,2,0,2,0,0,0,2,0,0]
1319a.a 2 [0,2,2,0]
1319b.a 2 [0,2,2,0]
1321a.a 1 [0]
1321b.a 1 [0]
1324a.a 1 [0]
1324a.b 1 [0]
1324a.c 3 [0,3,0,3,0,3,0,3,0]
1324b.a 1 [0]
1324b.b 1 [0]
1324b.c 3 [0,3,0,3,0,3,0,3,0]
1331c.a 1 [0]
1331c.b 2 [0,3,3,0]
1331c.c 1 [0]
1331c.d 3 [0,5,0,5,0,5,0,5,0]
1331c.e 1 [0]
1331c.f 2 [0,3,3,0]
1331c.g 1 [0]
1331d.a 1 [0]
1331d.b 2 [0,3,3,0]
1331d.c 1 [0]
1331d.d 3 [0,5,0,5,0,5,0,5,0]
1331d.e 1 [0]
1331d.f 2 [0,3,3,0]
1331d.g 1 [0]
1345a.a 1 [0]
1345a.b 4 [0,2,2,2,2,0,0,0,2,0,0,0,2,0,0,0]
1345a.c 1 [0]
1345b.a 1 [0]
1345b.b 4 [0,2,2,2,2,0,0,0,2,0,0,0,2,0,0,0]
1345b.c 1 [0]
1349a.a 1 [0]
1349a.b 6 [0,2,0,0,0,0,2,0,2,2,0,0,0,2,0,0,2,2,0,2,0,0,0,0,0,0,2,0,0,0,0,0,2,0,0,0]
1349b.a 1 [0]
1349b.b 6 [0,2,0,0,0,0,2,0,2,2,0,0,0,2,0,0,2,2,0,2,0,0,0,0,0,0,2,0,0,0,0,0,2,0,0,0]
1359a.a 1 [0]
1359a.b 2 [0,5,5,0]
1359b.a 1 [0]
1359b.b 2 [0,5,5,0]
1364a.a 2 [0,5,5,0]
1364a.b 1 [0]
1364a.c 2 [0,5,5,0]
1364a.d 2 [0,2,2,0]
1364a.e 2 [0,3,3,0]
1364a.f 1 [0]
1364a.g 2 [0,3,3,0]
1364a.h 2 [0,3,3,0]
1364b.a 2 [0,5,5,0]
1364b.b 1 [0]
1364b.c 2 [0,5,5,0]
1364b.d 2 [0,2,2,0]
1364b.e 2 [0,3,3,0]
1364b.f 1 [0]
1364b.g 2 [0,3,3,0]
1364b.h 2 [0,3,3,0]
1364c.a 2 [0,2,2,0]
1364c.b 2 [0,2,2,0]
1364c.c 4 [0,2,0,0,2,0,2,2,0,2,0,0,0,2,0,0]
1364c.d 4 [0,2,3,0,2,0,0,3,3,0,0,2,0,3,2,0]
1364d.a 2 [0,2,2,0]
1364d.b 2 [0,2,2,0]
1364d.c 4 [0,2,0,0,2,0,2,2,0,2,0,0,0,2,0,0]
1364d.d 4 [0,2,3,0,2,0,0,3,3,0,0,2,0,3,2,0]
1369a.a 3 [0,3,0,3,0,3,0,3,0]
1369a.b 1 [0]
1369a.c 2 [0,2,2,0]
1369a.d 2 [0,2,2,0]
1395a.a 4 [0,2,3,0,2,0,0,3,3,0,0,2,0,3,2,0]
1395a.b 2 [0,2,2,0]
1395a.c 4 [0,2,2,2,2,0,0,0,2,0,0,0,2,0,0,0]
1395a.d 6 [0,2,0,0,0,0,2,0,2,2,0,0,0,2,0,0,2,2,0,2,0,0,0,0,0,0,2,0,0,0,0,0,2,0,0,0]
1395b.a 4 [0,2,3,0,2,0,0,3,3,0,0,2,0,3,2,0]
1395b.b 2 [0,2,2,0]
1395b.c 4 [0,2,2,2,2,0,0,0,2,0,0,0,2,0,0,0]
1395b.d 6 [0,2,0,0,0,0,2,0,2,2,0,0,0,2,0,0,0,0,0,2,0,0,2,2,0,0,0,2,0,0,0,0,0,2,0,0]
1396a.a 1 [0]
1396a.b 1 [0]
1396a.c 1 [0]
1396a.d 3 [0,3,0,3,0,3,0,3,0]
1396b.a 1 [0]
1396b.b 1 [0]
1396b.c 1 [0]
1396b.d 3 [0,3,0,3,0,3,0,3,0]
1405a.a 2 [0,2,2,0]
1405b.a 2 [0,2,2,0]
1420a.a 1 [0]
1420a.b 2 [0,5,5,0]
1420a.c 1 [0]
1420a.d 4 [0,2,0,0,2,0,2,2,0,2,0,0,0,2,0,0]
1420a.e 1 [0]
1420a.f 2 [0,3,3,0]
1420a.g 3 [0,3,0,3,0,3,0,3,0]
1420b.a 1 [0]
1420b.b 2 [0,5,5,0]
1420b.c 1 [0]
1420b.d 4 [0,2,0,0,2,0,2,2,0,2,0,0,0,2,0,0]
1420b.e 2 [0,3,3,0]
1420b.f 1 [0]
1420b.g 3 [0,3,0,3,0,3,0,3,0]
1421a.a 2 [0,3,3,0]
1421b.a 2 [0,3,3,0]
1424a.a 2 [0,2,2,0]
1424b.a 2 [0,2,2,0]
1436a.a 2 [0,2,2,0]
1436b.a 2 [0,2,2,0]
1439a.a 1 [0]
1439b.a 1 [0]
1441a.a 2 [0,2,2,0]
1441b.a 2 [0,2,2,0]
1441c.a 1 [0]
1441c.b 2 [0,3,3,0]
1441d.a 1 [0]
1441d.b 2 [0,3,3,0]
1444a.a 1 [0]
1444a.b 1 [0]
1444a.c 2 [0,5,5,0]
1444a.d 3 [0,3,0,3,0,3,0,3,0]
1444b.a 4 [0,3,0,0,3,0,3,0,0,3,0,3,0,0,3,0]
1444b.b 1 [0]
1444b.c 1 [0]
1444b.d 1 [0]
1444b.e 2 [0,5,5,0]
1444b.f 1 [0]
1444c.a 4 [0,3,0,0,3,0,3,0,0,3,0,3,0,0,3,0]
1444c.b 1 [0]
1444c.c 1 [0]
1444c.d 1 [0]
1444c.e 2 [0,5,5,0]
1444c.f 1 [0]
1445a.a 2 [0,2,2,0]
144a.a 4 [0,2,2,2,2,0,0,0,2,0,0,0,2,0,0,0]
145a.a 2 [0,7,7,0]
145a.b 8 [0,2,0,0,0,0,0,0,2,0,2,2,0,0,0,0,0,2,0,0,2,2,0,0,0,2,0,0,0,0,0,0,0,0,2,0,0,0,2,2,0,0,2,0,0,0,0,0,0,0,0,0,2,0,0,0,0,0,0,0,2,0,0,0]
145a.c 2 [0,3,3,0]
145b.a 2 [0,7,7,0]
145b.b 8 [0,2,0,0,0,0,0,0,2,0,2,2,0,0,0,0,0,2,0,0,2,2,0,0,0,2,0,0,0,0,0,0,0,0,2,0,0,0,0,0,0,0,2,0,0,0,2,2,0,0,0,0,0,2,0,0,0,0,0,0,0,2,0,0]
145b.c 2 [0,3,3,0]
1471a.a 2 [0,2,2,0]
1471a.b 4 [0,2,0,0,2,0,2,2,0,2,0,0,0,2,0,0]
1471a.c 1 [0]
1471a.d 1 [0]
1471a.e 1 [0]
1471a.f 1 [0]
1471b.a 2 [0,2,2,0]
1471b.b 4 [0,2,0,0,2,0,2,2,0,2,0,0,0,2,0,0]
1471b.c 1 [0]
1471b.d 1 [0]
1471b.e 1 [0]
1471b.f 1 [0]
1475a.a 1 [0]
1475a.b 2 [0,2,2,0]
1475a.c 1 [0]
1475a.d 2 [0,3,3,0]
1475a.e 2 [0,3,3,0]
1475a.f 1 [0]
1475a.g 2 [0,2,2,0]
1475a.h 1 [0]
1475b.a 1 [0]
1475b.b 2 [0,2,2,0]
1475b.c 1 [0]
1475b.d 2 [0,3,3,0]
1475b.e 2 [0,3,3,0]
1475b.f 1 [0]
1475b.g 2 [0,2,2,0]
1475b.h 1 [0]
1476a.a 2 [0,2,2,0]
1476a.b 2 [0,2,2,0]
1476a.c 4 [0,2,2,2,2,0,0,0,2,0,0,0,2,0,0,0]
1476a.d 4 [0,2,3,0,2,0,0,3,3,0,0,2,0,3,2,0]
1476a.e 2 [0,5,5,0]
1476a.f 2 [0,2,2,0]
1476b.a 2 [0,2,2,0]
1476b.b 2 [0,2,2,0]
1476b.c 4 [0,2,2,2,2,0,0,0,2,0,0,0,2,0,0,0]
1476b.d 4 [0,2,3,0,2,0,0,3,3,0,0,2,0,3,2,0]
1476b.e 2 [0,5,5,0]
1476b.f 2 [0,2,2,0]
1481a.a 1 [0]
1481a.b 1 [0]
1481b.a 1 [0]
1481b.b 1 [0]
1501a.a 2 [0,2,2,0]
1501b.a 2 [0,2,2,0]
1511a.a 2 [0,3,3,0]
1511b.a 2 [0,3,3,0]
1516a.a 1 [0]
1516a.b 1 [0]
1516a.c 1 [0]
1516a.d 2 [0,3,3,0]
1516a.e 2 [0,3,3,0]
1516a.f 2 [0,3,3,0]
1516b.a 1 [0]
1516b.b 1 [0]
1516b.c 1 [0]
1516b.d 2 [0,3,3,0]
1516b.e 2 [0,3,3,0]
1516b.f 2 [0,3,3,0]
1519a.a 2 [0,2,2,0]
1519a.b 1 [0]
1519a.c 4 [0,2,0,0,2,0,2,2,0,2,0,0,0,2,0,0]
1519b.a 2 [0,2,2,0]
1519b.b 1 [0]
1519b.c 4 [0,2,0,0,2,0,2,2,0,2,0,0,0,2,0,0]
1520a.a 4 [0,2,3,0,2,0,0,3,3,0,0,2,0,3,2,0]
1520a.b 4 [0,2,2,2,2,0,0,0,2,0,0,0,2,0,0,0]
1520a.c 2 [0,2,2,0]
1520b.a 4 [0,2,3,0,2,0,0,3,3,0,0,2,0,3,2,0]
1520b.b 4 [0,2,2,2,2,0,0,0,2,0,0,0,2,0,0,0]
1520b.c 2 [0,2,2,0]
1521a.a 4 [0,2,0,0,2,0,2,2,0,2,0,0,0,2,0,0]
1521a.b 2 [0,2,2,0]
1521a.c 2 [0,2,2,0]
1521a.d 1 [0]
1525a.a 4 [0,2,2,2,2,0,0,0,2,0,0,0,2,0,0,0]
1525b.a 4 [0,2,0,0,2,0,2,2,0,2,0,0,0,2,0,0]
1529a.a 3 [0,3,0,3,0,3,0,3,0]
1529a.b 1 [0]
1529a.c 1 [0]
1529a.d 1 [0]
1529a.e 4 [0,2,0,0,2,0,2,2,0,2,0,0,0,2,0,0]
1529b.a 3 [0,3,0,3,0,3,0,3,0]
1529b.b 1 [0]
1529b.c 1 [0]
1529b.d 1 [0]
1529b.e 4 [0,2,0,0,2,0,2,2,0,2,0,0,0,2,0,0]
1529c.a 2 [0,3,3,0]
1529c.b 2 [0,2,2,0]
1529d.a 2 [0,3,3,0]
1529d.b 2 [0,2,2,0]
1539a.a 4 [0,2,3,0,2,0,0,3,3,0,0,2,0,3,2,0]
1539b.a 4 [0,2,3,0,2,0,0,3,3,0,0,2,0,3,2,0]
1549a.a 1 [0]
1549a.b 1 [0]
1549b.a 1 [0]
1549b.b 1 [0]
1555a.a 1 [0]
1555a.b 1 [0]
1555a.c 4 [0,2,0,0,2,0,2,2,0,2,0,0,0,2,0,0]
1555b.a 1 [0]
1555b.b 1 [0]
1555b.c 4 [0,2,0,0,2,0,2,2,0,2,0,0,0,2,0,0]
1556a.a 1 [0]
1556a.b 1 [0]
1556b.a 1 [0]
1556b.b 1 [0]
155a.a 4 [0,2,0,0,2,0,2,2,0,2,0,0,0,2,0,0]
155b.a 4 [0,2,0,0,2,0,2,2,0,2,0,0,0,2,0,0]
1571a.a 1 [0]
1571a.b 1 [0]
1571b.a 1 [0]
1571b.b 1 [0]
1580a.a 2 [0,2,2,0]
1580a.b 2 [0,2,2,0]
1580a.c 4 [0,2,3,0,2,0,0,3,3,0,0,2,0,3,2,0]
1580a.d 4 [0,2,3,0,2,0,0,3,3,0,0,2,0,3,2,0]
1580a.e 6 [0,2,3,0,0,0,2,0,0,3,0,0,3,0,0,2,3,0,0,3,2,0,0,3,0,0,3,0,0,2,0,0,0,3,2,0]
1580a.f 6 [0,2,0,0,0,0,2,0,2,2,0,0,0,2,0,0,2,2,0,2,0,0,0,0,0,0,2,0,0,0,0,0,2,0,0,0]
1580b.a 2 [0,2,2,0]
1580b.b 2 [0,2,2,0]
1580b.c 4 [0,2,3,0,2,0,0,3,3,0,0,2,0,3,2,0]
1580b.d 4 [0,2,3,0,2,0,0,3,3,0,0,2,0,3,2,0]
1580b.e 6 [0,2,3,0,0,0,2,0,0,3,0,0,3,0,0,2,3,0,0,3,2,0,0,3,0,0,3,0,0,2,0,0,0,3,2,0]
1580b.f 6 [0,2,0,0,0,0,2,0,2,2,0,0,0,2,0,0,2,2,0,2,0,0,0,0,0,0,2,0,0,0,0,0,2,0,0,0]
1584a.a 4 [0,2,2,2,2,0,0,0,2,0,0,0,2,0,0,0]
1584a.b 2 [0,2,2,0]
1584a.c 2 [0,2,2,0]
1584b.a 4 [0,2,2,2,2,0,0,0,2,0,0,0,2,0,0,0]
1584b.b 2 [0,2,2,0]
1584b.c 2 [0,2,2,0]
1595a.a 4 [0,2,0,0,2,0,2,2,0,2,0,0,0,2,0,0]
1595a.b 1 [0]
1595a.c 8 [0,2,3,0,0,0,0,0,2,0,0,2,2,3,0,0,3,0,0,0,0,2,0,0,0,2,0,0,0,0,3,0,0,2,0,0,0,0,0,3,0,3,2,0,0,0,2,2,0,0,0,3,0,2,0,0,0,0,0,0,3,2,0,0]
1595a.d 4 [0,2,3,0,2,0,0,3,3,0,0,2,0,3,2,0]
1595a.e 2 [0,2,2,0]
1595a.f 6 [0,2,0,0,0,0,2,0,2,2,0,0,0,2,0,0,0,0,0,2,0,0,2,2,0,0,0,2,0,0,0,0,0,2,0,0]
1595a.g 2 [0,2,2,0]
1595b.a 4 [0,2,0,0,2,0,2,2,0,2,0,0,0,2,0,0]
1595b.b 1 [0]
1595b.c 8 [0,2,3,0,0,0,0,0,2,0,0,2,2,3,0,0,3,0,0,0,0,2,0,0,0,2,0,0,0,0,3,0,0,2,0,0,0,0,0,3,0,3,2,0,0,0,2,2,0,0,0,3,0,2,0,0,0,0,0,0,3,2,0,0]
1595b.d 4 [0,2,3,0,2,0,0,3,3,0,0,2,0,3,2,0]
1595b.e 2 [0,2,2,0]
1595b.f 6 [0,2,0,0,0,0,2,0,2,2,0,0,0,2,0,0,2,2,0,2,0,0,0,0,0,0,2,0,0,0,0,0,2,0,0,0]
1595b.g 2 [0,2,2,0]
1595c.a 2 [0,2,2,0]
1595c.b 2 [0,2,2,0]
1595c.c 4 [0,2,0,0,2,0,2,2,0,2,0,0,0,2,0,0]
1595c.d 4 [0,2,3,0,2,0,0,3,3,0,0,2,0,3,2,0]
1595c.e 2 [0,2,2,0]
1595d.a 2 [0,2,2,0]
1595d.b 2 [0,2,2,0]
1595d.c 4 [0,2,0,0,2,0,2,2,0,2,0,0,0,2,0,0]
1595d.d 4 [0,2,3,0,2,0,0,3,3,0,0,2,0,3,2,0]
1595d.e 2 [0,2,2,0]
1600a.a 2 [0,2,2,0]
1600a.b 2 [0,2,2,0]
1600a.c 1 [0]
1600a.d 6 [0,2,2,2,0,0,2,0,0,0,2,2,2,0,0,0,0,0,2,0,0,0,0,0,0,2,0,0,0,0,0,2,0,0,0,0]
1600a.e 6 [0,2,2,2,0,0,2,0,0,0,0,0,2,0,0,0,2,2,2,0,0,0,0,0,0,0,2,0,0,0,0,0,2,0,0,0]
1600a.f 6 [0,2,2,2,0,0,2,0,0,0,0,0,2,0,0,0,2,2,2,0,0,0,0,0,0,0,2,0,0,0,0,0,2,0,0,0]
1600a.g 1 [0]
1600a.h 1 [0]
1600a.i 1 [0]
1600a.j 1 [0]
1600a.k 1 [0]
1600a.l 2 [0,2,2,0]
1600a.m 2 [0,2,2,0]
1600a.n 8 [0,2,2,2,0,0,0,0,2,0,0,0,2,2,0,0,2,0,0,0,0,0,0,0,2,0,0,0,0,0,2,2,0,2,0,0,0,0,0,0,0,2,0,0,0,0,0,0,0,0,0,2,0,0,0,0,0,0,0,2,0,0,0,0]
1604a.a 1 [0]
1604a.b 2 [0,5,5,0]
1604a.c 2 [0,2,2,0]
1604a.d 2 [0,2,2,0]
1604a.e 2 [0,2,2,0]
1604b.a 1 [0]
1604b.b 2 [0,5,5,0]
1604b.c 2 [0,2,2,0]
1604b.d 2 [0,2,2,0]
1604b.e 2 [0,2,2,0]
1616a.a 2 [0,2,2,0]
1616a.b 2 [0,2,2,0]
1616b.a 2 [0,2,2,0]
1616b.b 2 [0,2,2,0]
1619a.a 1 [0]
1619a.b 1 [0]
1619b.a 1 [0]
1619b.b 1 [0]
1620a.a 4 [0,2,3,0,2,0,0,3,3,0,0,2,0,3,2,0]
1620a.b 8 [0,2,2,2,3,0,0,0,2,0,0,0,0,3,0,0,2,0,0,0,0,0,3,0,2,0,0,0,0,0,0,3,3,0,0,0,0,2,2,2,0,3,0,0,2,0,0,0,0,0,3,0,2,0,0,0,0,0,0,3,2,0,0,0]
1620a.c 4 [0,2,3,0,2,0,0,3,3,0,0,2,0,3,2,0]
1621a.a 1 [0]
1621b.a 1 [0]
1636a.a 2 [0,2,2,0]
1636a.b 1 [0]
1636a.c 3 [0,3,0,3,0,3,0,3,0]
1636a.d 1 [0]
1636b.a 2 [0,2,2,0]
1636b.b 1 [0]
1636b.c 3 [0,3,0,3,0,3,0,3,0]
1636b.d 1 [0]
1639a.a 4 [0,2,2,2,2,0,0,0,2,0,0,0,2,0,0,0]
1639b.a 4 [0,2,2,2,2,0,0,0,2,0,0,0,2,0,0,0]
1639c.a 1 [0]
1639c.b 2 [0,3,3,0]
1639d.a 1 [0]
1639d.b 2 [0,3,3,0]
164a.a 2 [0,2,2,0]
164b.a 2 [0,2,2,0]
1655a.a 1 [0]
1655a.b 1 [0]
1655a.c 1 [0]
1655a.d 2 [0,3,3,0]
1655a.e 4 [0,2,2,2,2,0,0,0,2,0,0,0,2,0,0,0]
1655a.f 1 [0]
1655b.a 1 [0]
1655b.b 1 [0]
1655b.c 1 [0]
1655b.d 2 [0,3,3,0]
1655b.e 4 [0,2,2,2,2,0,0,0,2,0,0,0,2,0,0,0]
1655b.f 1 [0]
1661a.a 2 [0,2,2,0]
1661a.b 4 [0,2,3,0,2,0,0,3,3,0,0,2,0,3,2,0]
1661b.a 2 [0,2,2,0]
1661b.b 4 [0,2,3,0,2,0,0,3,3,0,0,2,0,3,2,0]
1661c.a 2 [0,2,2,0]
1661c.b 1 [0]
1661d.a 2 [0,2,2,0]
1661d.b 1 [0]
1676a.a 1 [0]
1676a.b 1 [0]
1676a.c 1 [0]
1676a.d 1 [0]
1676a.e 2 [0,7,7,0]
1676b.a 1 [0]
1676b.b 1 [0]
1676b.c 1 [0]
1676b.d 1 [0]
1676b.e 2 [0,7,7,0]
1681a.a 1 [0]
1681a.b 1 [0]
1681a.c 2 [0,2,2,0]
1681a.d 2 [0,2,2,0]
1681b.a 2 [0,7,7,0]
1681b.b 1 [0]
1681b.c 1 [0]
1681c.a 2 [0,7,7,0]
1681c.b 1 [0]
1681c.c 1 [0]
1684a.a 1 [0]
1684b.a 1 [0]
1691a.a 1 [0]
1691a.b 2 [0,2,2,0]
1691a.c 2 [0,2,2,0]
1691a.d 1 [0]
1691b.a 1 [0]
1691b.b 2 [0,2,2,0]
1691b.c 2 [0,2,2,0]
1691b.d 1 [0]
1691c.a 2 [0,2,2,0]
1691c.b 4 [0,2,0,0,2,0,2,2,0,2,0,0,0,2,0,0]
1691d.a 2 [0,2,2,0]
1691d.b 4 [0,2,0,0,2,0,2,2,0,2,0,0,0,2,0,0]
1705a.a 4 [0,2,0,0,2,0,2,2,0,2,0,0,0,2,0,0]
1705a.b 1 [0]
1705a.c 2 [0,3,3,0]
1705a.d 1 [0]
1705a.e 4 [0,2,0,0,2,0,2,2,0,2,0,0,0,2,0,0]
1705a.f 1 [0]
1705b.a 4 [0,2,0,0,2,0,2,2,0,2,0,0,0,2,0,0]
1705b.b 1 [0]
1705b.c 2 [0,3,3,0]
1705b.d 1 [0]
1705b.e 4 [0,2,0,0,2,0,2,2,0,2,0,0,0,2,0,0]
1705b.f 1 [0]
1705c.a 2 [0,2,2,0]
1705c.b 4 [0,2,0,0,2,0,2,2,0,2,0,0,0,2,0,0]
1705c.c 4 [0,2,3,0,2,0,0,3,3,0,0,2,0,3,2,0]
1705c.d 2 [0,2,2,0]
1705c.e 2 [0,3,3,0]
1705d.a 2 [0,2,2,0]
1705d.b 4 [0,2,0,0,2,0,2,2,0,2,0,0,0,2,0,0]
1705d.c 4 [0,2,3,0,2,0,0,3,3,0,0,2,0,3,2,0]
1705d.d 2 [0,2,2,0]
1705d.e 2 [0,3,3,0]
1711a.a 2 [0,2,2,0]
1711a.b 1 [0]
1711a.c 6 [0,2,0,0,0,0,2,0,2,2,0,0,0,2,0,0,0,0,0,2,0,0,2,2,0,0,0,2,0,0,0,0,0,2,0,0]
1711b.a 2 [0,2,2,0]
1711b.b 1 [0]
1711b.c 6 [0,2,0,0,0,0,2,0,2,2,0,0,0,2,0,0,2,2,0,2,0,0,0,0,0,0,2,0,0,0,0,0,2,0,0,0]
1711c.a 1 [0]
1711c.b 2 [0,2,2,0]
1711c.c 2 [0,3,3,0]
1711d.a 1 [0]
1711d.b 2 [0,2,2,0]
1711d.c 2 [0,3,3,0]
1719a.a 1 [0]
1719b.a 1 [0]
171a.a 4 [0,2,3,0,2,0,0,3,3,0,0,2,0,3,2,0]
171b.a 4 [0,2,3,0,2,0,0,3,3,0,0,2,0,3,2,0]
1721a.a 2 [0,2,2,0]
1721b.a 2 [0,2,2,0]
1724a.a 1 [0]
1724a.b 1 [0]
1724a.c 1 [0]
1724a.d 1 [0]
1724b.a 1 [0]
1724b.b 1 [0]
1724b.c 1 [0]
1724b.d 1 [0]
1745a.a 1 [0]
1745b.a 1 [0]
1756a.a 1 [0]
1756a.b 2 [0,2,2,0]
1756a.c 1 [0]
1756a.d 1 [0]
1756a.e 1 [0]
1756a.f 3 [0,3,0,3,0,3,0,3,0]
1756b.a 1 [0]
1756b.b 2 [0,2,2,0]
1756b.c 1 [0]
1756b.d 1 [0]
1756b.e 1 [0]
1756b.f 3 [0,3,0,3,0,3,0,3,0]
1764a.a 2 [0,2,2,0]
1764a.b 2 [0,2,2,0]
1764a.c 2 [0,2,2,0]
1764a.d 2 [0,2,2,0]
1764a.e 6 [0,2,2,2,0,0,2,0,0,0,2,2,2,0,0,0,0,0,2,0,0,0,0,0,0,2,0,0,0,0,0,2,0,0,0,0]
1769c.a 4 [0,2,0,0,2,0,2,2,0,2,0,0,0,2,0,0]
1769d.a 4 [0,2,0,0,2,0,2,2,0,2,0,0,0,2,0,0]
176a.a 4 [0,2,3,0,2,0,0,3,3,0,0,2,0,3,2,0]
176b.a 4 [0,2,3,0,2,0,0,3,3,0,0,2,0,3,2,0]
1775a.a 1 [0]
1775a.b 1 [0]
1775a.c 4 [0,2,3,0,2,0,0,3,3,0,0,2,0,3,2,0]
1775b.a 1 [0]
1775b.b 1 [0]
1775b.c 4 [0,2,3,0,2,0,0,3,3,0,0,2,0,3,2,0]
1780a.a 2 [0,2,2,0]
1780a.b 2 [0,2,2,0]
1780b.a 2 [0,2,2,0]
1780b.b 2 [0,2,2,0]
1789a.a 1 [0]
1789b.a 1 [0]
1791a.a 2 [0,2,2,0]
1791a.b 1 [0]
1791a.c 4 [0,2,2,2,2,0,0,0,2,0,0,0,2,0,0,0]
1791a.d 2 [0,2,2,0]
1791b.a 2 [0,2,2,0]
1791b.b 1 [0]
1791b.c 4 [0,2,2,2,2,0,0,0,2,0,0,0,2,0,0,0]
1791b.d 2 [0,2,2,0]
1795a.a 4 [0,2,3,0,2,0,0,3,3,0,0,2,0,3,2,0]
1795a.b 2 [0,2,2,0]
1795b.a 4 [0,2,3,0,2,0,0,3,3,0,0,2,0,3,2,0]
1795b.b 2 [0,2,2,0]
1796a.a 4 [0,2,2,2,2,0,0,0,2,0,0,0,2,0,0,0]
1796b.a 4 [0,2,0,0,2,0,2,2,0,2,0,0,0,2,0,0]
179a.a 2 [0,3,3,0]
179a.b 1 [0]
179b.a 2 [0,3,3,0]
179b.b 1 [0]
1804a.a 2 [0,5,5,0]
1804a.b 1 [0]
1804a.c 1 [0]
1804b.a 2 [0,5,5,0]
1804b.b 1 [0]
1804b.c 1 [0]
1804c.a 1 [0]
1804c.b 2 [0,3,3,0]
1804c.c 2 [0,3,3,0]
1804c.d 1 [0]
1804d.a 1 [0]
1804d.b 2 [0,3,3,0]
1804d.c 2 [0,3,3,0]
1804d.d 1 [0]
1805a.a 4 [0,2,2,2,2,0,0,0,2,0,0,0,2,0,0,0]
1805a.b 4 [0,2,2,2,2,0,0,0,2,0,0,0,2,0,0,0]
1805b.a 8 [0,2,3,0,0,0,0,0,2,0,0,2,2,3,0,0,3,0,0,0,0,2,0,0,0,2,0,0,0,0,3,0,0,2,0,0,0,0,0,3,0,3,2,0,0,0,2,2,0,0,0,3,0,2,0,0,0,0,0,0,3,2,0,0]
1805c.a 8 [0,2,3,0,0,0,0,0,2,0,0,2,2,3,0,0,3,0,0,0,0,2,0,0,0,2,0,0,0,0,3,0,0,2,0,0,0,0,0,3,0,3,2,0,0,0,2,2,0,0,0,3,0,2,0,0,0,0,0,0,3,2,0,0]
180a.a 8 [0,2,3,0,0,0,0,0,2,0,0,2,2,3,0,0,3,0,0,0,0,2,0,0,0,2,0,0,0,0,3,0,0,2,0,0,0,0,0,3,0,3,2,0,0,0,2,2,0,0,0,3,0,2,0,0,0,0,0,0,3,2,0,0]
1829a.a 2 [0,2,2,0]
1829b.a 2 [0,2,2,0]
1829c.a 2 [0,2,2,0]
1829d.a 2 [0,2,2,0]
1831a.a 1 [0]
1831a.b 1 [0]
1831a.c 1 [0]
1831a.d 2 [0,2,2,0]
1831b.a 1 [0]
1831b.b 1 [0]
1831b.c 1 [0]
191a.a 4 [0,2,0,0,2,0,2,2,0,2,0,0,0,2,0,0]
191b.a 4 [0,2,0,0,2,0,2,2,0,2,0,0,0,2,0,0]
196a.a 6 [0,2,3,0,0,0,2,0,0,3,0,0,3,0,0,2,3,0,0,3,2,0,0,3,0,0,3,0,0,2,0,0,0,3,2,0]
199a.a 3 [0,3,0,3,0,3,0,3,0]
199a.b 2 [0,5,5,0]
199a.c 2 [0,2,2,0]
199b.a 3 [0,3,0,3,0,3,0,3,0]
199b.b 2 [0,5,5,0]
199b.c 2 [0,2,2,0]
205a.a 4 [0,2,3,0,2,0,0,3,3,0,0,2,0,3,2,0]
205a.b 6 [0,2,0,0,0,0,2,0,2,2,0,0,0,2,0,0,0,0,0,2,0,0,2,2,0,0,0,2,0,0,0,0,0,2,0,0]
205a.c 2 [0,2,2,0]
205b.a 4 [0,2,3,0,2,0,0,3,3,0,0,2,0,3,2,0]
205b.b 6 [0,2,0,0,0,0,2,0,2,2,0,0,0,2,0,0,2,2,0,2,0,0,0,0,0,0,2,0,0,0,0,0,2,0,0,0]
205b.c 2 [0,2,2,0]
209a.a 1 [0]
209a.b 6 [0,2,0,0,0,0,2,0,2,2,0,0,0,2,0,0,2,2,0,2,0,0,0,0,0,0,2,0,0,0,0,0,2,0,0,0]
209a.c 2 [0,3,3,0]
209b.a 1 [0]
209b.b 6 [0,2,0,0,0,0,2,0,2,2,0,0,0,2,0,0,2,2,0,2,0,0,0,0,0,0,2,0,0,0,0,0,2,0,0,0]
209b.c 2 [0,3,3,0]
209c.a 2 [0,2,2,0]
209c.b 4 [0,2,3,0,2,0,0,3,3,0,0,2,0,3,2,0]
209c.c 4 [0,2,0,0,2,0,2,2,0,2,0,0,0,2,0,0]
209d.a 2 [0,2,2,0]
209d.b 4 [0,2,3,0,2,0,0,3,3,0,0,2,0,3,2,0]
209d.c 4 [0,2,0,0,2,0,2,2,0,2,0,0,0,2,0,0]
220a.a 4 [0,2,5,0,2,0,0,5,5,0,0,2,0,5,2,0]
220a.b 4 [0,2,3,0,2,0,0,3,3,0,0,2,0,3,2,0]
220a.c 8 [0,2,3,0,0,0,0,0,2,0,0,2,2,3,0,0,3,0,0,0,0,2,0,0,0,2,0,0,0,0,3,0,0,2,0,0,0,0,0,3,0,3,2,0,0,0,2,2,0,0,0,3,0,2,0,0,0,0,0,0,3,2,0,0]
220b.a 4 [0,2,5,0,2,0,0,5,5,0,0,2,0,5,2,0]
220b.b 4 [0,2,3,0,2,0,0,3,3,0,0,2,0,3,2,0]
220b.c 8 [0,2,3,0,0,0,0,0,2,0,0,2,2,3,0,0,3,0,0,0,0,2,0,0,0,2,0,0,0,0,3,0,0,2,0,0,0,0,0,3,0,3,2,0,0,0,2,2,0,0,0,3,0,2,0,0,0,0,0,0,3,2,0,0]
225a.a 2 [0,5,5,0]
225a.b 2 [0,5,5,0]
225a.c 10 [0,2,2,2,0,0,0,0,0,0,2,0,0,0,0,0,0,0,0,0,2,0,0,0,0,0,0,0,0,0,2,0,0,0,2,2,0,0,0,0,0,0,0,2,0,0,0,0,0,0,0,0,0,2,0,0,2,2,0,0,0,0,0,0,0,2,0,0,0,0,0,0,0,0,0,2,0,0,2,2,0,0,0,0,0,0,0,2,0,0,0,0,0,0,0,0,0,2,0,0]
229a.a 1 [0]
229b.a 1 [0]
239a.a 1 [0]
239a.b 4 [0,2,0,0,2,0,2,2,0,2,0,0,0,2,0,0]
239a.c 1 [0]
239b.a 1 [0]
239b.b 4 [0,2,0,0,2,0,2,2,0,2,0,0,0,2,0,0]
239b.c 1 [0]
244a.a 1 [0]
244a.b 3 [0,3,0,3,0,3,0,3,0]
244b.a 1 [0]
244b.b 3 [0,3,0,3,0,3,0,3,0]
245a.a 3 [0,3,0,3,0,3,0,3,0]
251a.a 1 [0]
251b.a 1 [0]
256a.a 6 [0,2,2,2,0,0,2,0,0,0,0,0,2,0,0,0,2,2,2,0,0,0,0,0,0,0,2,0,0,0,0,0,2,0,0,0]
256a.b 6 [0,2,2,2,0,0,2,0,0,0,0,0,2,0,0,0,0,0,2,0,0,0,2,2,0,0,0,2,0,0,0,0,0,2,0,0]
256a.c 6 [0,2,2,2,0,0,2,0,0,0,0,0,2,0,0,0,0,0,2,0,0,0,2,2,0,0,0,2,0,0,0,0,0,2,0,0]
269a.a 1 [0]
269a.b 2 [0,3,3,0]
269b.a 1 [0]
269b.b 2 [0,3,3,0]
271a.a 4 [0,2,0,0,2,0,2,2,0,2,0,0,0,2,0,0]
271b.a 4 [0,2,0,0,2,0,2,2,0,2,0,0,0,2,0,0]
275a.a 8 [0,2,3,0,0,0,0,0,2,0,0,2,2,3,0,0,3,0,0,0,0,2,0,0,0,2,0,0,0,0,3,0,0,2,0,0,0,0,0,3,0,3,2,0,0,0,2,2,0,0,0,3,0,2,0,0,0,0,0,0,3,2,0,0]
275b.a 8 [0,2,3,0,0,0,0,0,2,0,0,2,2,3,0,0,3,0,0,0,0,2,0,0,0,2,0,0,0,0,3,0,0,2,0,0,0,0,0,3,0,3,2,0,0,0,2,2,0,0,0,3,0,2,0,0,0,0,0,0,3,2,0,0]
279a.a 2 [0,2,2,0]
279a.b 4 [0,2,0,0,2,0,2,2,0,2,0,0,0,2,0,0]
279a.c 2 [0,2,2,0]
279b.a 2 [0,2,2,0]
279b.b 4 [0,2,0,0,2,0,2,2,0,2,0,0,0,2,0,0]
279b.c 2 [0,2,2,0]
284a.a 2 [0,2,2,0]
284b.a 2 [0,2,2,0]
289a.a 4 [0,2,0,0,2,0,2,2,0,2,0,0,0,2,0,0]
304a.a 2 [0,2,2,0]
304b.a 2 [0,2,2,0]
305a.a 4 [0,2,0,0,2,0,2,2,0,2,0,0,0,2,0,0]
305b.a 4 [0,2,0,0,2,0,2,2,0,2,0,0,0,2,0,0]
311a.a 1 [0]
311b.a 1 [0]
316a.a 3 [0,3,0,3,0,3,0,3,0]
316b.a 3 [0,3,0,3,0,3,0,3,0]
319a.a 2 [0,2,2,0]
319b.a 2 [0,2,2,0]
319c.a 4 [0,2,0,0,2,0,2,2,0,2,0,0,0,2,0,0]
319d.a 4 [0,2,0,0,2,0,2,2,0,2,0,0,0,2,0,0]
31a.a 6 [0,2,0,0,0,0,2,0,2,2,0,0,0,2,0,0,0,0,0,2,0,0,2,2,0,0,0,2,0,0,0,0,0,2,0,0]
31b.a 6 [0,2,0,0,0,0,2,0,2,2,0,0,0,2,0,0,2,2,0,2,0,0,0,0,0,0,2,0,0,0,0,0,2,0,0,0]
320a.a 8 [0,2,2,2,0,0,0,0,2,0,0,0,2,2,0,0,2,0,0,0,0,0,0,0,2,0,0,0,0,0,0,0,0,2,0,0,0,0,2,2,0,2,0,0,0,0,0,0,0,0,0,0,2,0,0,0,0,0,0,0,2,0,0,0]
320a.b 6 [0,2,2,2,0,0,2,0,0,0,2,2,2,0,0,0,0,0,2,0,0,0,0,0,0,2,0,0,0,0,0,2,0,0,0,0]
320a.c 6 [0,2,2,2,0,0,2,0,0,0,2,2,2,0,0,0,0,0,2,0,0,0,0,0,0,2,0,0,0,0,0,2,0,0,0,0]
324a.a 4 [0,2,5,0,2,0,0,5,5,0,0,2,0,5,2,0]
341c.a 2 [0,2,2,0]
341d.a 2 [0,2,2,0]
356a.a 2 [0,2,2,0]
356b.a 2 [0,2,2,0]
359a.a 1 [0]
359a.b 2 [0,3,3,0]
359b.a 1 [0]
359b.b 2 [0,3,3,0]
361a.a 3 [0,3,0,3,0,3,0,3,0]
361a.b 4 [0,2,0,0,2,0,2,2,0,2,0,0,0,2,0,0]
361b.a 2 [0,3,3,0]
361b.b 2 [0,3,3,0]
361c.a 2 [0,3,3,0]
361c.b 2 [0,3,3,0]
369a.a 1 [0]
369a.b 4 [0,2,0,0,2,0,2,2,0,2,0,0,0,2,0,0]
369a.c 4 [0,2,2,2,2,0,0,0,2,0,0,0,2,0,0,0]
369b.a 1 [0]
369b.b 4 [0,2,0,0,2,0,2,2,0,2,0,0,0,2,0,0]
369b.c 4 [0,2,2,2,2,0,0,0,2,0,0,0,2,0,0,0]
36a.a 4 [0,2,5,0,2,0,0,5,5,0,0,2,0,5,2,0]
380a.a 2 [0,2,2,0]
380a.b 6 [0,2,3,0,0,0,2,0,0,3,0,0,3,0,0,2,3,0,0,3,2,0,0,3,0,0,3,0,0,2,0,0,0,3,2,0]
380a.c 4 [0,2,0,0,2,0,2,2,0,2,0,0,0,2,0,0]
380b.a 2 [0,2,2,0]
380b.b 6 [0,2,3,0,0,0,2,0,0,3,0,0,3,0,0,2,3,0,0,3,2,0,0,3,0,0,3,0,0,2,0,0,0,3,2,0]
380b.c 4 [0,2,0,0,2,0,2,2,0,2,0,0,0,2,0,0]
395a.a 2 [0,2,2,0]
395a.b 2 [0,2,2,0]
395b.a 2 [0,2,2,0]
395b.b 2 [0,2,2,0]
396a.a 2 [0,5,5,0]
396a.b 1 [0]
396a.c 6 [0,2,2,2,0,0,2,0,0,0,0,0,2,0,0,0,2,2,2,0,0,0,0,0,0,0,2,0,0,0,0,0,2,0,0,0]
396a.d 2 [0,5,5,0]
396a.e 2 [0,3,3,0]
396b.a 2 [0,5,5,0]
396b.b 1 [0]
396b.c 6 [0,2,2,2,0,0,2,0,0,0,0,0,2,0,0,0,2,2,2,0,0,0,0,0,0,0,2,0,0,0,0,0,2,0,0,0]
396b.d 2 [0,5,5,0]
396b.e 2 [0,3,3,0]
400a.a 8 [0,2,2,2,3,0,0,0,2,0,0,0,0,3,0,0,2,0,0,0,0,0,3,0,2,0,0,0,0,0,0,3,3,0,0,0,0,2,2,2,0,3,0,0,2,0,0,0,0,0,3,0,2,0,0,0,0,0,0,3,2,0,0,0]
401a.a 1 [0]
401b.a 1 [0]
404a.a 1 [0]
404a.b 1 [0]
404a.c 1 [0]
404a.d 2 [0,5,5,0]
404b.a 1 [0]
404b.b 1 [0]
404b.c 1 [0]
404b.d 2 [0,5,5,0]
405a.a 10 [0,2,2,2,0,0,0,0,0,0,2,0,0,0,2,2,0,0,0,0,2,0,0,0,0,0,0,0,0,0,2,0,0,0,0,0,0,0,0,0,0,2,0,0,0,0,2,2,0,0,0,2,0,0,0,0,0,0,0,0,0,0,0,0,2,0,0,0,2,2,0,0,0,0,2,0,0,0,0,0,0,0,0,0,0,0,2,0,0,0,0,0,0,0,0,0,2,0,0,0]
409a.a 1 [0]
409b.a 1 [0]
419a.a 1 [0]
419a.b 1 [0]
419b.a 1 [0]
419b.b 1 [0]
41a.a 2 [0,7,7,0]
41b.a 2 [0,7,7,0]
431a.a 1 [0]
431a.b 2 [0,3,3,0]
431a.c 4 [0,2,0,0,2,0,2,2,0,2,0,0,0,2,0,0]
431a.d 2 [0,3,3,0]
431b.a 1 [0]
431b.b 2 [0,3,3,0]
431b.c 4 [0,2,0,0,2,0,2,2,0,2,0,0,0,2,0,0]
431b.d 2 [0,3,3,0]
441a.a 6 [0,2,0,0,0,0,2,0,2,2,0,0,0,2,0,0,2,2,0,2,0,0,0,0,0,0,2,0,0,0,0,0,2,0,0,0]
441a.b 4 [0,2,0,0,2,0,2,2,0,2,0,0,0,2,0,0]
441a.c 2 [0,2,2,0]
441a.d 4 [0,2,0,0,2,0,2,2,0,2,0,0,0,2,0,0]
445a.a 4 [0,2,0,0,2,0,2,2,0,2,0,0,0,2,0,0]
445a.b 4 [0,2,0,0,2,0,2,2,0,2,0,0,0,2,0,0]
445b.a 4 [0,2,0,0,2,0,2,2,0,2,0,0,0,2,0,0]
445b.b 4 [0,2,0,0,2,0,2,2,0,2,0,0,0,2,0,0]
449a.a 1 [0]
449a.b 2 [0,3,3,0]
449b.a 1 [0]
449b.b 2 [0,3,3,0]
451a.a 1 [0]
451a.b 2 [0,3,3,0]
451a.c 1 [0]
451b.a 1 [0]
451b.b 2 [0,3,3,0]
451b.c 1 [0]
451c.a 2 [0,2,2,0]
451d.a 2 [0,2,2,0]
45a.a 10 [0,2,0,0,0,0,0,0,0,0,2,0,2,2,0,0,0,0,0,0,0,2,0,0,2,2,0,0,0,0,0,2,0,0,0,0,0,0,0,0,0,0,2,0,0,0,2,2,0,0,0,0,2,0,0,0,0,0,0,0,0,0,0,0,2,0,0,0,2,2,0,0,0,0,2,0,0,0,0,0,0,0,0,0,0,0,2,0,0,0,0,0,0,0,0,0,2,0,0,0]
464a.a 2 [0,2,2,0]
464a.b 4 [0,2,3,0,2,0,0,3,3,0,0,2,0,3,2,0]
464a.c 2 [0,2,2,0]
464b.a 2 [0,2,2,0]
464b.b 4 [0,2,3,0,2,0,0,3,3,0,0,2,0,3,2,0]
464b.c 2 [0,2,2,0]
475a.a 2 [0,2,2,0]
475a.b 8 [0,2,3,0,0,0,0,0,2,0,0,2,2,3,0,0,3,0,0,0,0,2,0,0,0,2,0,0,0,0,3,0,0,2,0,0,0,0,0,3,0,3,2,0,0,0,2,2,0,0,0,3,0,2,0,0,0,0,0,0,3,2,0,0]
475a.c 2 [0,2,2,0]
475b.a 2 [0,2,2,0]
475b.b 8 [0,2,3,0,0,0,0,0,2,0,0,2,2,3,0,0,3,0,0,0,0,2,0,0,0,2,0,0,0,0,3,0,0,2,0,0,0,0,0,3,0,3,2,0,0,0,2,2,0,0,0,3,0,2,0,0,0,0,0,0,3,2,0,0]
475b.c 2 [0,2,2,0]
479a.a 2 [0,2,2,0]
479b.a 2 [0,2,2,0]
484a.a 3 [0,5,0,5,0,5,0,5,0]
484a.b 4 [0,2,0,0,2,0,2,2,0,2,0,0,0,2,0,0]
484a.c 1 [0]
484a.d 2 [0,3,3,0]
484a.e 2 [0,3,3,0]
484b.a 2 [0,3,3,0]
484b.b 2 [0,3,3,0]
484c.a 2 [0,3,3,0]
484c.b 2 [0,3,3,0]
495a.a 4 [0,2,0,0,2,0,2,2,0,2,0,0,0,2,0,0]
495a.b 8 [0,2,0,0,0,0,0,0,2,0,2,2,0,0,0,0,0,2,0,0,0,0,0,0,0,2,0,0,2,2,0,0,0,0,0,2,0,0,2,2,0,0,0,2,0,0,0,0,0,0,0,0,2,0,0,0,0,0,0,0,2,0,0,0]
495a.c 4 [0,2,2,2,2,0,0,0,2,0,0,0,2,0,0,0]
495b.a 4 [0,2,0,0,2,0,2,2,0,2,0,0,0,2,0,0]
495b.b 8 [0,2,0,0,0,0,0,0,2,0,2,2,0,0,0,0,0,2,0,0,2,2,0,0,0,2,0,0,0,0,0,0,0,0,2,0,0,0,0,0,0,0,2,0,0,0,2,2,0,0,0,0,0,2,0,0,0,0,0,0,0,2,0,0]
495b.c 4 [0,2,2,2,2,0,0,0,2,0,0,0,2,0,0,0]
49a.a 2 [0,5,5,0]
505a.a 1 [0]
505a.b 2 [0,5,5,0]
505a.c 4 [0,2,2,2,2,0,0,0,2,0,0,0,2,0,0,0]
505b.a 1 [0]
505b.b 2 [0,5,5,0]
505b.c 4 [0,2,2,2,2,0,0,0,2,0,0,0,2,0,0,0]
509a.a 1 [0]
509a.b 1 [0]
509b.a 1 [0]
509b.b 1 [0]
521a.a 2 [0,2,2,0]
521b.a 2 [0,2,2,0]
524a.a 1 [0]
524b.a 1 [0]
529a.a 1 [0]
531a.a 1 [0]
531a.b 1 [0]
531b.a 1 [0]
531b.b 1 [0]
539a.a 1 [0]
539a.b 2 [0,2,2,0]
539a.c 2 [0,3,3,0]
539a.d 2 [0,2,2,0]
539a.e 1 [0]
539b.a 1 [0]
539b.b 2 [0,2,2,0]
539b.c 2 [0,3,3,0]
539b.d 2 [0,2,2,0]
539b.e 1 [0]
541a.a 2 [0,3,3,0]
541b.a 2 [0,3,3,0]
545a.a 4 [0,2,0,0,2,0,2,2,0,2,0,0,0,2,0,0]
545a.b 4 [0,2,3,0,2,0,0,3,3,0,0,2,0,3,2,0]
545a.c 2 [0,2,2,0]
545b.a 4 [0,2,0,0,2,0,2,2,0,2,0,0,0,2,0,0]
545b.b 4 [0,2,3,0,2,0,0,3,3,0,0,2,0,3,2,0]
545b.c 2 [0,2,2,0]
549a.a 1 [0]
549a.b 1 [0]
549a.c 2 [0,2,2,0]
549a.d 1 [0]
549a.e 2 [0,2,2,0]
549b.a 1 [0]
549b.b 1 [0]
549b.c 2 [0,2,2,0]
549b.d 1 [0]
549b.e 2 [0,2,2,0]
551a.a 4 [0,2,0,0,2,0,2,2,0,2,0,0,0,2,0,0]
551b.a 4 [0,2,0,0,2,0,2,2,0,2,0,0,0,2,0,0]
551c.a 2 [0,2,2,0]
551d.a 2 [0,2,2,0]
556a.a 1 [0]
556b.a 1 [0]
55a.a 8 [0,2,3,0,0,0,0,0,2,0,0,2,2,3,0,0,3,0,0,0,0,2,0,0,0,2,0,0,0,0,3,0,0,2,0,0,0,0,0,3,0,3,2,0,0,0,2,2,0,0,0,3,0,2,0,0,0,0,0,0,3,2,0,0]
55b.a 8 [0,2,3,0,0,0,0,0,2,0,0,2,2,3,0,0,3,0,0,0,0,2,0,0,0,2,0,0,0,0,3,0,0,2,0,0,0,0,0,3,0,3,2,0,0,0,2,2,0,0,0,3,0,2,0,0,0,0,0,0,3,2,0,0]
571a.a 1 [0]
571b.a 1 [0]
576a.a 6 [0,2,2,2,0,0,2,0,0,0,2,2,2,0,0,0,0,0,2,0,0,0,0,0,0,2,0,0,0,0,0,2,0,0,0,0]
576a.b 2 [0,2,2,0]
576a.c 4 [0,2,0,0,2,0,2,2,0,2,0,0,0,2,0,0]
576a.d 2 [0,2,2,0]
576a.e 4 [0,2,0,0,2,0,2,2,0,2,0,0,0,2,0,0]
576a.f 2 [0,2,2,0]
580a.a 1 [0]
580a.b 2 [0,3,3,0]
580a.c 2 [0,3,3,0]
580b.a 1 [0]
580b.b 2 [0,3,3,0]
580b.c 2 [0,3,3,0]
589a.a 1 [0]
589a.b 1 [0]
589a.c 2 [0,3,3,0]
589b.a 1 [0]
589b.b 1 [0]
589b.c 2 [0,3,3,0]
589c.a 1 [0]
589d.a 1 [0]
596a.a 1 [0]
596a.b 2 [0,5,5,0]
596b.a 1 [0]
596b.b 2 [0,5,5,0]
599a.a 2 [0,2,2,0]
599a.b 1 [0]
599b.a 1 [0]
599b.b 2 [0,2,2,0]
601a.a 1 [0]
601b.a 1 [0]
604a.a 2 [0,2,2,0]
604a.b 3 [0,3,0,3,0,3,0,3,0]
604b.a 2 [0,2,2,0]
604b.b 3 [0,3,0,3,0,3,0,3,0]
605a.a 6 [0,2,0,0,0,0,2,0,2,2,0,0,0,2,0,0,2,2,0,2,0,0,0,0,0,0,2,0,0,0,0,0,2,0,0,0]
605a.b 6 [0,2,0,0,0,0,2,0,2,2,0,0,0,2,0,0,2,2,0,2,0,0,0,0,0,0,2,0,0,0,0,0,2,0,0,0]
605a.c 6 [0,2,2,2,0,0,2,0,0,0,0,0,2,0,0,0,2,2,2,0,0,0,0,0,0,0,2,0,0,0,0,0,2,0,0,0]
605b.a 2 [0,2,2,0]
605b.b 8 [0,2,3,0,0,0,0,0,2,0,0,2,2,3,0,0,3,0,0,0,0,2,0,0,0,2,0,0,0,0,3,0,0,2,0,0,0,0,0,3,0,3,2,0,0,0,2,2,0,0,0,3,0,2,0,0,0,0,0,0,3,2,0,0]
605b.c 2 [0,2,2,0]
605c.a 2 [0,2,2,0]
605c.b 8 [0,2,3,0,0,0,0,0,2,0,0,2,2,3,0,0,3,0,0,0,0,2,0,0,0,2,0,0,0,0,3,0,0,2,0,0,0,0,0,3,0,3,2,0,0,0,2,2,0,0,0,3,0,2,0,0,0,0,0,0,3,2,0,0]
605c.c 2 [0,2,2,0]
620a.a 2 [0,2,2,0]
620a.b 1 [0]
620a.c 3 [0,3,0,3,0,3,0,3,0]
620b.a 2 [0,2,2,0]
620b.b 1 [0]
620b.c 3 [0,3,0,3,0,3,0,3,0]
639a.a 1 [0]
639a.b 2 [0,7,7,0]
639a.c 2 [0,2,2,0]
639a.d 4 [0,2,2,2,2,0,0,0,2,0,0,0,2,0,0,0]
639a.e 1 [0]
639b.a 1 [0]
639b.b 2 [0,7,7,0]
639b.c 2 [0,2,2,0]
639b.d 4 [0,2,2,2,2,0,0,0,2,0,0,0,2,0,0,0]
639b.e 1 [0]
641a.a 1 [0]
641a.b 1 [0]
641b.a 1 [0]
641b.b 1 [0]
649a.a 4 [0,2,0,0,2,0,2,2,0,2,0,0,0,2,0,0]
649a.b 2 [0,3,3,0]
649a.c 2 [0,2,2,0]
649a.d 1 [0]
649b.a 4 [0,2,0,0,2,0,2,2,0,2,0,0,0,2,0,0]
649b.b 2 [0,3,3,0]
649b.c 2 [0,2,2,0]
649b.d 1 [0]
649c.a 1 [0]
649c.b 1 [0]
649c.c 4 [0,2,2,2,2,0,0,0,2,0,0,0,2,0,0,0]
649d.a 1 [0]
649d.b 1 [0]
649d.c 4 [0,2,2,2,2,0,0,0,2,0,0,0,2,0,0,0]
64a.a 6 [0,2,2,2,0,0,2,0,0,0,2,2,2,0,0,0,0,0,2,0,0,0,0,0,0,2,0,0,0,0,0,2,0,0,0,0]
655a.a 1 [0]
655a.b 1 [0]
655a.c 4 [0,2,0,0,2,0,2,2,0,2,0,0,0,2,0,0]
655b.a 1 [0]
655b.b 1 [0]
655b.c 4 [0,2,0,0,2,0,2,2,0,2,0,0,0,2,0,0]
656a.a 2 [0,3,3,0]
656b.a 2 [0,3,3,0]
671a.a 1 [0]
671a.b 1 [0]
671b.a 1 [0]
671b.b 1 [0]
676a.a 2 [0,2,2,0]
676a.b 3 [0,3,0,3,0,3,0,3,0]
676a.c 2 [0,7,7,0]
676a.d 2 [0,2,2,0]
684a.a 2 [0,2,2,0]
684a.b 2 [0,2,2,0]
684a.c 4 [0,2,2,2,2,0,0,0,2,0,0,0,2,0,0,0]
684b.a 2 [0,2,2,0]
684b.b 2 [0,2,2,0]
684b.c 4 [0,2,2,2,2,0,0,0,2,0,0,0,2,0,0,0]
695a.a 1 [0]
695a.b 2 [0,3,3,0]
695a.c 4 [0,2,2,2,2,0,0,0,2,0,0,0,2,0,0,0]
695b.a 1 [0]
695b.b 2 [0,3,3,0]
695b.c 4 [0,2,2,2,2,0,0,0,2,0,0,0,2,0,0,0]
701a.a 2 [0,3,3,0]
701b.a 2 [0,3,3,0]
704a.a 2 [0,2,2,0]
704a.b 6 [0,2,0,0,0,0,2,0,2,2,0,0,0,2,0,0,2,2,0,2,0,0,0,0,0,0,2,0,0,0,0,0,2,0,0,0]
704a.c 2 [0,2,2,0]
704a.d 4 [0,2,0,0,2,0,2,2,0,2,0,0,0,2,0,0]
704a.e 4 [0,2,2,2,2,0,0,0,2,0,0,0,2,0,0,0]
704b.a 2 [0,2,2,0]
704b.b 6 [0,2,0,0,0,0,2,0,2,2,0,0,0,2,0,0,0,0,0,2,0,0,2,2,0,0,0,2,0,0,0,0,0,2,0,0]
704b.c 2 [0,2,2,0]
704b.d 4 [0,2,0,0,2,0,2,2,0,2,0,0,0,2,0,0]
704b.e 4 [0,2,2,2,2,0,0,0,2,0,0,0,2,0,0,0]
711a.a 1 [0]
711a.b 1 [0]
711b.a 1 [0]
711b.b 1 [0]
716a.a 1 [0]
716b.a 1 [0]
719a.a 1 [0]
719a.b 1 [0]
719a.c 1 [0]
719a.d 4 [0,2,0,0,2,0,2,2,0,2,0,0,0,2,0,0]
719a.e 2 [0,3,3,0]
719b.a 1 [0]
719b.b 1 [0]
719b.c 1 [0]
719b.d 4 [0,2,0,0,2,0,2,2,0,2,0,0,0,2,0,0]
719b.e 2 [0,3,3,0]
71a.a 4 [0,2,3,0,2,0,0,3,3,0,0,2,0,3,2,0]
71b.a 4 [0,2,3,0,2,0,0,3,3,0,0,2,0,3,2,0]
725a.a 1 [0]
725a.b 2 [0,3,3,0]
725a.c 8 [0,2,2,2,0,0,0,0,2,0,0,0,2,2,0,0,2,0,0,0,0,0,2,2,2,0,0,0,0,0,0,0,0,2,0,0,0,0,0,0,0,2,0,0,0,0,0,0,0,0,2,0,0,0,0,0,0,0,2,0,0,0,0,0]
725a.d 2 [0,7,7,0]
725a.e 1 [0]
725b.a 1 [0]
725b.b 2 [0,3,3,0]
725b.c 8 [0,2,2,2,0,0,0,0,2,0,0,0,0,0,0,0,2,0,0,0,2,2,0,0,2,0,0,0,0,0,2,2,0,0,2,0,0,0,0,0,0,0,2,0,0,0,0,0,0,0,0,2,0,0,0,0,0,0,0,2,0,0,0,0]
725b.d 2 [0,7,7,0]
725b.e 1 [0]
729a.a 4 [0,3,0,0,3,0,3,0,0,3,0,3,0,0,3,0]
729a.b 2 [0,3,3,0]
729a.c 2 [0,3,3,0]
729a.d 2 [0,3,3,0]
729a.e 2 [0,3,3,0]
729a.f 2 [0,3,3,0]
729a.g 2 [0,3,3,0]
739a.a 1 [0]
739b.a 1 [0]
751a.a 2 [0,2,2,0]
751b.a 2 [0,2,2,0]
755a.a 1 [0]
755a.b 2 [0,3,3,0]
755a.c 4 [0,2,0,0,2,0,2,2,0,2,0,0,0,2,0,0]
755b.a 1 [0]
755b.b 2 [0,3,3,0]
755b.c 4 [0,2,0,0,2,0,2,2,0,2,0,0,0,2,0,0]
764a.a 2 [0,2,2,0]
764b.a 2 [0,2,2,0]
769a.a 2 [0,2,2,0]
769a.b 1 [0]
769b.a 2 [0,2,2,0]
769b.b 1 [0]
76a.a 2 [0,5,5,0]
76a.b 4 [0,3,0,0,3,0,3,0,0,3,0,3,0,0,3,0]
76b.a 2 [0,5,5,0]
76b.b 4 [0,3,0,0,3,0,3,0,0,3,0,3,0,0,3,0]
775a.a 2 [0,3,3,0]
775a.b 1 [0]
775a.c 4 [0,2,0,0,2,0,2,2,0,2,0,0,0,2,0,0]
775a.d 1 [0]
775a.e 2 [0,3,3,0]
775a.f 6 [0,2,0,0,0,0,2,0,2,2,0,0,0,2,0,0,2,2,0,2,0,0,0,0,0,0,2,0,0,0,0,0,2,0,0,0]
775b.a 2 [0,3,3,0]
775b.b 1 [0]
775b.c 4 [0,2,0,0,2,0,2,2,0,2,0,0,0,2,0,0]
775b.d 1 [0]
775b.e 2 [0,3,3,0]
775b.f 6 [0,2,2,2,0,0,2,0,0,0,0,0,2,0,0,0,2,2,2,0,0,0,0,0,0,0,2,0,0,0,0,0,2,0,0,0]
779a.a 2 [0,2,2,0]
779b.a 2 [0,2,2,0]
779c.a 1 [0]
779c.b 2 [0,3,3,0]
779d.a 1 [0]
779d.b 2 [0,3,3,0]
781a.a 4 [0,2,0,0,2,0,2,2,0,2,0,0,0,2,0,0]
781b.a 4 [0,2,0,0,2,0,2,2,0,2,0,0,0,2,0,0]
781c.a 4 [0,2,0,0,2,0,2,2,0,2,0,0,0,2,0,0]
781c.b 2 [0,2,2,0]
781d.a 4 [0,2,0,0,2,0,2,2,0,2,0,0,0,2,0,0]
781d.b 2 [0,2,2,0]
784a.a 1 [0]
784a.b 4 [0,2,2,2,2,0,0,0,2,0,0,0,2,0,0,0]
796a.a 2 [0,3,3,0]
796b.a 2 [0,3,3,0]
79a.a 4 [0,2,0,0,2,0,2,2,0,2,0,0,0,2,0,0]
79b.a 4 [0,2,0,0,2,0,2,2,0,2,0,0,0,2,0,0]
801a.a 2 [0,2,2,0]
801b.a 2 [0,2,2,0]
809a.a 2 [0,2,2,0]
809b.a 2 [0,2,2,0]
80a.a 8 [0,2,2,2,3,0,0,0,2,0,0,0,0,3,0,0,2,0,0,0,0,0,3,0,2,0,0,0,0,0,0,3,3,0,0,0,0,2,2,2,0,3,0,0,2,0,0,0,0,0,3,0,2,0,0,0,0,0,0,3,2,0,0,0]
811a.a 2 [0,3,3,0]
811b.a 2 [0,3,3,0]
81a.a 8 [0,2,3,5,0,0,0,0,2,0,0,0,3,5,0,0,3,0,0,0,2,0,5,0,5,0,0,0,0,2,3,0,0,3,2,0,0,0,0,5,0,5,0,2,0,0,0,3,0,0,5,3,0,0,0,2,0,0,0,0,5,3,2,0]
820a.a 2 [0,2,2,0]
820a.b 2 [0,2,2,0]
820b.a 2 [0,2,2,0]
820b.b 2 [0,2,2,0]
829a.a 1 [0]
829a.b 2 [0,3,3,0]
829a.c 2 [0,3,3,0]
829b.a 1 [0]
829b.b 2 [0,3,3,0]
829b.c 2 [0,3,3,0]
836a.a 1 [0]
836a.b 1 [0]
836a.c 2 [0,5,5,0]
836a.d 1 [0]
836a.e 3 [0,3,0,3,0,3,0,3,0]
836b.a 1 [0]
836b.b 1 [0]
836b.c 2 [0,5,5,0]
836b.d 1 [0]
836b.e 3 [0,3,0,3,0,3,0,3,0]
836c.a 4 [0,2,0,0,2,0,2,2,0,2,0,0,0,2,0,0]
836c.b 6 [0,2,3,0,0,0,2,0,0,3,0,0,3,0,0,2,3,0,0,3,2,0,0,3,0,0,3,0,0,2,0,0,0,3,2,0]
836c.c 2 [0,2,2,0]
836d.a 4 [0,2,0,0,2,0,2,2,0,2,0,0,0,2,0,0]
836d.b 6 [0,2,3,0,0,0,2,0,0,3,0,0,3,0,0,2,3,0,0,3,2,0,0,3,0,0,3,0,0,2,0,0,0,3,2,0]
836d.c 2 [0,2,2,0]
841a.a 2 [0,2,2,0]
841a.b 2 [0,2,2,0]
845a.a 2 [0,2,2,0]
855a.a 4 [0,2,2,2,2,0,0,0,2,0,0,0,2,0,0,0]
855a.b 4 [0,2,0,0,2,0,2,2,0,2,0,0,0,2,0,0]
855a.c 2 [0,2,2,0]
855a.d 6 [0,2,0,0,0,0,2,0,2,2,0,0,0,2,0,0,2,2,0,2,0,0,0,0,0,0,2,0,0,0,0,0,2,0,0,0]
855a.e 2 [0,2,2,0]
855b.a 4 [0,2,2,2,2,0,0,0,2,0,0,0,2,0,0,0]
855b.b 4 [0,2,0,0,2,0,2,2,0,2,0,0,0,2,0,0]
855b.c 2 [0,2,2,0]
855b.d 6 [0,2,0,0,0,0,2,0,2,2,0,0,0,2,0,0,2,2,0,2,0,0,0,0,0,0,2,0,0,0,0,0,2,0,0,0]
855b.e 2 [0,2,2,0]
869a.a 2 [0,2,2,0]
869b.a 2 [0,2,2,0]
880a.a 4 [0,2,3,0,2,0,0,3,3,0,0,2,0,3,2,0]
880a.b 2 [0,2,2,0]
880b.a 4 [0,2,3,0,2,0,0,3,3,0,0,2,0,3,2,0]
880b.b 2 [0,2,2,0]
881a.a 2 [0,3,3,0]
881b.a 2 [0,3,3,0]
891a.a 6 [0,2,2,2,0,0,2,0,0,0,0,0,2,0,0,0,2,2,2,0,0,0,0,0,0,0,2,0,0,0,0,0,2,0,0,0]
891b.a 6 [0,2,2,2,0,0,2,0,0,0,0,0,2,0,0,0,2,2,2,0,0,0,0,0,0,0,2,0,0,0,0,0,2,0,0,0]
895a.a 1 [0]
895a.b 1 [0]
895a.c 2 [0,3,3,0]
895b.a 1 [0]
895b.b 1 [0]
895b.c 2 [0,3,3,0]
899a.a 2 [0,2,2,0]
899a.b 2 [0,2,2,0]
899b.a 2 [0,2,2,0]
899b.b 2 [0,2,2,0]
899c.a 2 [0,2,2,0]
899d.a 2 [0,2,2,0]
89a.a 4 [0,2,3,0,2,0,0,3,3,0,0,2,0,3,2,0]
89b.a 4 [0,2,3,0,2,0,0,3,3,0,0,2,0,3,2,0]
900a.a 8 [0,2,2,2,3,0,0,0,2,0,0,0,0,3,0,0,2,0,0,0,0,0,3,0,2,0,0,0,0,0,0,3,3,0,0,0,0,2,2,2,0,3,0,0,2,0,0,0,0,0,3,0,2,0,0,0,0,0,0,3,2,0,0,0]
900a.b 4 [0,2,5,0,2,0,0,5,5,0,0,2,0,5,2,0]
905a.a 1 [0]
905a.b 2 [0,7,7,0]
905a.c 4 [0,2,0,0,2,0,2,2,0,2,0,0,0,2,0,0]
905b.a 1 [0]
905b.b 2 [0,7,7,0]
905b.c 4 [0,2,0,0,2,0,2,2,0,2,0,0,0,2,0,0]
909a.a 1 [0]
909a.b 1 [0]
909b.a 1 [0]
909b.b 1 [0]
916a.a 1 [0]
916b.a 1 [0]
919a.a 2 [0,3,3,0]
919a.b 2 [0,2,2,0]
919b.a 2 [0,3,3,0]
919b.b 2 [0,2,2,0]
931a.a 1 [0]
931b.a 1 [0]
944a.a 2 [0,2,2,0]
944b.a 2 [0,2,2,0]
956a.a 1 [0]
956a.b 1 [0]
956a.c 2 [0,2,2,0]
956b.a 1 [0]
956b.b 1 [0]
956b.c 2 [0,2,2,0]
95a.a 8 [0,2,2,2,3,0,0,0,2,0,0,0,0,3,0,0,2,0,0,0,0,0,3,0,2,0,0,0,0,0,0,3,3,0,0,0,0,2,2,2,0,3,0,0,2,0,0,0,0,0,3,0,2,0,0,0,0,0,0,3,2,0,0,0]
95b.a 8 [0,2,2,2,3,0,0,0,2,0,0,0,0,3,0,0,2,0,0,0,0,0,3,0,2,0,0,0,0,0,0,3,3,0,0,0,0,2,2,2,0,3,0,0,2,0,0,0,0,0,3,0,2,0,0,0,0,0,0,3,2,0,0,0]
961a.a 1 [0]
961a.b 1 [0]
961a.c 1 [0]
961a.d 1 [0]
961b.a 6 [0,2,0,0,0,0,2,0,2,2,0,0,0,2,0,0,2,2,0,2,0,0,0,0,0,0,2,0,0,0,0,0,2,0,0,0]
961b.b 1 [0]
961b.c 1 [0]
961c.a 6 [0,2,0,0,0,0,2,0,2,2,0,0,0,2,0,0,0,0,0,2,0,0,2,2,0,0,0,2,0,0,0,0,0,2,0,0]
961c.b 1 [0]
961c.c 1 [0]
964a.a 1 [0]
964a.b 1 [0]
964a.c 3 [0,3,0,3,0,3,0,3,0]
964b.a 1 [0]
964b.b 1 [0]
964b.c 3 [0,3,0,3,0,3,0,3,0]
971a.a 2 [0,3,3,0]
971b.a 2 [0,3,3,0]
979a.a 2 [0,2,2,0]
979b.a 2 [0,2,2,0]
979c.a 2 [0,2,2,0]
979c.b 1 [0]
979d.a 2 [0,2,2,0]
979d.b 1 [0]
980a.a 4 [0,2,0,0,2,0,2,2,0,2,0,0,0,2,0,0]
991a.a 1 [0]
991a.b 2 [0,2,2,0]
991b.a 1 [0]
991b.b 2 [0,2,2,0]
995a.a 2 [0,2,2,0]
995b.a 2 [0,2,2,0]
99a.a 6 [0,2,2,2,0,0,2,0,0,0,2,2,2,0,0,0,0,0,2,0,0,0,0,0,0,2,0,0,0,0,0,2,0,0,0,0]
99b.a 6 [0,2,2,2,0,0,2,0,0,0,2,2,2,0,0,0,0,0,2,0,0,0,0,0,0,2,0,0,0,0,0,2,0,0,0,0]
